gene,basX,basY,Er2X,Er2Y,LymX,LymY,My2X,My2Y,StemX,StemY
LILRB4,0.19,1.07,0.00,0.05,0.01,0.18,0.34,0.92,0.00,0.10
RAB32,3.70,2.79,0.76,1.19,0.11,0.66,7.17,4.30,1.05,1.17
TOP2A,5.37,12.27,6.56,15.26,4.03,11.19,4.15,11.12,1.24,7.11
MXD3,0.54,1.39,0.52,1.36,0.99,1.82,0.51,1.10,0.20,0.70
AC245128.3,-0.00,0.00,0.01,0.07,-0.00,0.00,0.17,0.95,-0.00,0.00
NECAB1,0.03,0.16,1.69,1.85,0.02,0.15,0.05,0.53,0.02,0.14
ARSG,0.32,0.85,0.03,0.17,0.02,0.12,0.07,0.27,0.03,0.18
GNA15,3.42,2.36,1.97,1.82,0.25,0.64,2.94,2.39,2.07,1.73
LKAAEAR1,0.34,0.67,0.07,0.36,0.13,0.46,0.92,1.30,0.54,0.88
CLEC9A,0.15,0.48,0.02,0.14,0.01,0.17,0.05,0.23,0.58,0.87
VCAM1,-0.00,0.00,0.02,0.18,0.01,0.09,0.04,0.46,0.04,1.24
MKI67,4.17,7.67,3.56,7.00,4.70,9.67,2.98,6.50,0.76,3.63
JCHAIN,0.46,2.58,0.01,0.09,1.82,36.43,0.00,0.05,0.04,0.67
DUSP26,0.01,0.08,0.01,0.16,0.31,0.68,0.00,0.05,-0.00,0.00
SLC24A3,0.28,0.58,0.01,0.09,0.00,0.03,0.02,0.13,0.01,0.09
CFD,0.29,0.68,0.79,1.16,0.03,0.21,9.42,10.70,0.17,0.46
SMIM1,0.28,0.75,3.50,3.13,0.01,0.17,0.08,0.71,0.20,0.46
TFR2,0.99,1.28,3.83,3.20,0.01,0.10,0.15,0.47,0.08,0.28
REST,3.19,2.40,3.85,2.55,1.49,1.66,3.26,2.59,1.86,1.61
ESCO2,0.65,1.36,0.78,1.48,0.56,1.31,0.40,0.92,0.09,0.47
PAG1,0.49,1.02,0.21,0.67,2.64,3.47,0.75,1.22,0.08,0.33
SLC45A3,2.51,2.53,0.04,0.23,0.01,0.11,0.42,0.94,0.10,0.33
HSH2D,3.92,2.75,2.16,1.99,0.32,0.82,3.28,2.46,1.45,1.50
DEPTOR,1.14,1.36,0.66,0.89,0.03,0.18,0.50,0.79,0.37,0.63
ELF1,4.23,2.69,4.49,2.93,1.70,1.85,4.57,2.94,2.94,2.06
IL5RA,0.23,0.66,-0.00,0.00,0.00,0.07,0.01,0.20,-0.00,0.00
TNFSF13B,1.51,1.68,0.95,1.48,0.27,1.02,6.04,4.29,1.09,1.40
GATA1,1.06,1.69,4.25,3.06,0.01,0.16,0.06,0.50,0.01,0.10
PCAT18,0.02,0.18,0.83,1.13,0.00,0.06,0.01,0.11,0.00,0.05
KDR,-0.00,0.00,-0.00,0.00,0.00,0.03,0.04,0.43,0.04,0.79
CDCA8,0.51,1.16,0.77,1.59,0.42,1.31,0.43,1.12,0.12,0.61
PBX1,1.39,1.84,0.86,1.02,0.05,0.35,0.19,0.63,0.96,1.14
ALDH2,0.99,1.15,1.00,1.21,0.15,0.62,1.02,1.37,1.19,1.20
DTD1,2.32,2.07,2.53,1.89,0.17,0.58,1.97,1.63,1.13,1.10
CMTM8,0.12,0.36,0.12,0.44,3.07,3.51,0.16,0.43,0.29,0.59
ID3,0.01,0.08,0.02,0.21,0.69,1.42,0.02,0.12,0.06,0.64
CTSG,2.25,2.67,0.13,0.82,0.13,0.73,17.66,24.71,0.70,1.08
CLEC4E,-0.00,0.00,-0.00,0.00,-0.00,0.00,0.13,0.88,0.00,0.03
HCST,2.26,2.26,0.81,1.21,0.50,1.68,5.36,4.65,1.37,1.56
MCM10,0.88,1.47,1.14,1.84,0.32,0.82,0.99,1.59,0.19,0.73
SKAP1,0.12,0.40,0.51,0.90,0.01,0.15,0.02,0.14,0.82,0.99
TMED9,3.70,2.83,3.46,2.50,0.88,1.20,4.94,3.37,1.60,1.40
CD9,0.18,0.46,0.14,0.52,4.16,4.16,0.17,0.55,0.29,0.67
BLVRB,0.84,1.33,26.12,20.67,0.17,0.80,2.05,3.79,0.94,1.02
TP53INP1,0.81,1.27,1.29,1.74,2.60,2.72,0.24,0.77,0.24,0.59
ILF2,7.20,4.40,9.17,5.35,1.98,2.66,6.93,4.34,2.78,2.27
PDZD8,6.17,5.11,8.50,4.65,0.31,0.74,2.30,2.73,1.02,1.17
TRBC2,0.94,1.43,0.07,0.30,0.28,1.02,0.44,0.94,0.36,0.85
CLEC4D,-0.00,0.00,-0.00,0.00,-0.00,0.00,0.06,0.40,-0.00,0.00
FCER1G,0.45,0.84,0.29,0.71,0.05,0.48,1.17,3.32,0.15,0.53
HBD,0.37,1.40,43.79,47.40,0.05,0.68,0.56,6.26,0.07,0.27
PCLAF,10.57,11.46,12.14,11.19,2.89,5.05,6.38,7.66,1.45,3.82
GATA2,7.04,7.95,2.48,2.51,0.02,0.12,0.47,0.98,0.74,1.13
RNASE6,0.49,2.64,0.42,0.73,0.05,0.29,0.45,1.05,0.01,0.12
LINC01013,0.01,0.08,0.01,0.12,0.96,1.26,0.01,0.11,0.00,0.03
SERPINA1,-0.00,0.00,-0.00,0.00,0.00,0.03,0.33,1.95,0.01,0.14
CD300E,-0.00,0.00,-0.00,0.00,0.00,0.03,0.23,1.61,0.00,0.14
RNASE2,5.39,10.15,0.03,0.21,0.03,0.37,9.47,10.36,0.02,0.15
KCNH2,0.90,1.51,3.04,4.15,0.00,0.06,0.06,0.44,-0.00,0.00
KCNE5,0.01,0.08,0.02,0.12,0.02,0.32,1.54,2.85,0.01,0.09
HES6,0.17,0.47,1.51,2.42,0.01,0.10,0.08,0.37,0.02,0.17
PALMD,-0.00,0.00,0.00,0.05,-0.00,0.00,0.01,0.16,0.01,0.28
AL157895.1,0.84,1.64,1.16,1.85,0.01,0.08,0.06,0.70,0.17,0.61
MIR181A1HG,2.88,2.92,1.43,1.61,0.71,1.37,2.44,2.28,0.74,1.42
BCL2,1.53,1.42,0.38,0.77,0.33,0.99,2.29,2.35,0.36,0.67
CR1,0.09,0.33,0.90,1.17,0.02,0.18,0.04,0.26,0.02,0.15
LMO4,17.39,23.22,2.45,3.55,0.94,1.34,1.77,1.87,1.02,1.16
CST7,0.20,0.48,0.33,0.75,0.01,0.18,4.18,4.93,0.05,0.24
CSTA,0.05,0.22,-0.00,0.00,0.00,0.03,2.05,2.60,0.00,0.03
LYST,0.25,0.56,0.41,0.70,0.12,0.39,2.92,2.45,0.19,0.47
RNASE3,0.42,1.19,0.01,0.07,0.01,0.15,1.90,2.62,-0.00,0.00
ASF1B,0.75,1.29,0.80,1.39,0.48,1.12,0.74,1.34,0.17,0.69
CLEC12A,0.72,0.91,0.01,0.11,0.02,0.27,1.52,1.49,0.01,0.13
CDC45,0.75,1.29,1.01,1.73,0.38,0.88,0.74,1.35,0.17,0.64
RAG2,0.01,0.08,0.01,0.10,0.47,0.85,0.00,0.05,-0.00,0.00
BIN1,0.81,1.29,0.16,0.48,0.45,0.82,0.67,0.99,1.53,1.30
CTGF,-0.00,0.00,0.00,0.05,0.46,1.40,0.01,0.08,0.00,0.07
SERPINB8,0.16,0.60,0.09,0.30,0.10,0.33,1.66,1.98,0.11,0.37
MS4A2,9.25,18.44,0.32,2.69,0.00,0.05,0.03,0.26,0.01,0.08
FAM83F,0.40,1.21,0.03,0.19,-0.00,0.00,0.00,0.09,-0.00,0.00
DLGAP5,0.79,2.46,1.28,3.17,0.56,1.87,0.66,1.83,0.19,1.14
SKA3,0.56,1.06,0.86,1.47,0.32,0.81,0.88,1.48,0.13,0.55
HMHB1,-0.00,0.00,-0.00,0.00,0.67,1.01,0.03,0.19,0.00,0.03
LIMCH1,0.04,0.19,0.00,0.05,0.01,0.13,0.03,0.21,0.37,0.69
GAS2L3,0.03,0.16,0.07,0.42,0.04,0.30,0.08,0.34,0.03,0.20
PKMYT1,0.64,1.19,0.55,1.06,0.39,0.89,0.55,1.07,0.10,0.46
AC111000.4,0.34,0.82,0.02,0.13,-0.00,0.00,0.03,0.21,0.00,0.03
C5AR1,-0.00,0.00,0.00,0.05,0.00,0.03,0.52,2.73,0.02,0.45
LSP1,2.28,2.93,0.83,1.22,0.53,1.72,3.39,3.08,1.43,1.48
GCHFR,0.32,0.78,1.11,1.31,0.14,0.52,0.19,0.49,0.86,0.98
MPEG1,0.13,0.76,0.01,0.09,0.02,0.27,0.55,1.54,0.00,0.14
EMCN,0.01,0.08,0.01,0.11,0.02,0.12,0.01,0.14,0.35,0.70
HBB,0.23,0.53,214.35,493.80,0.14,0.65,3.11,35.55,0.11,0.34
FCER1A,4.96,9.78,2.32,3.54,0.02,0.21,0.16,1.28,0.09,0.47
KLF1,1.04,1.85,8.11,5.54,0.02,0.32,0.17,0.79,0.02,0.14
PTGER4,0.43,1.01,0.08,0.40,0.17,0.61,1.07,1.54,1.77,2.11
HPGDS,2.88,2.93,0.64,0.98,0.03,0.24,0.52,0.90,0.31,0.79
SELL,4.68,4.37,0.41,1.66,0.88,2.58,7.07,4.55,5.24,3.40
RAG1,0.01,0.08,0.03,0.17,0.86,1.34,0.01,0.09,0.01,0.10
MS4A3,8.25,13.69,0.25,1.43,0.00,0.06,2.63,4.45,0.00,0.07
AKAP12,0.63,2.13,0.09,1.17,6.37,5.96,0.17,1.72,0.05,0.68
BEX2,1.96,1.99,1.00,1.68,0.21,0.66,1.37,1.80,2.88,1.98
UNG,1.73,2.30,2.95,3.29,0.33,0.96,2.19,2.61,0.70,1.42
GINS2,1.75,2.26,2.40,2.93,0.76,1.77,2.14,2.63,0.59,1.58
CD24,0.09,0.31,0.17,1.29,5.61,8.25,0.16,0.48,0.06,0.25
HIST1H2BM,0.11,0.33,0.13,0.51,0.28,0.84,0.05,0.25,0.03,0.22
SMIM24,3.90,3.45,0.40,1.37,0.57,1.85,7.45,4.69,3.30,2.97
TAF10,1.96,1.59,2.81,2.03,1.02,1.21,2.42,1.73,1.26,1.16
KBTBD11,0.46,0.80,0.06,0.29,0.05,0.23,1.86,1.64,0.05,0.24
MIR4435-2HG,1.82,1.94,7.43,4.19,0.06,0.34,0.68,1.19,0.83,0.96
SPARC,0.73,1.05,0.20,0.57,0.09,0.42,2.00,1.91,0.37,0.88
IKZF2,2.35,2.75,0.17,0.48,0.18,0.57,0.36,1.00,0.15,0.41
DIAPH3,0.73,1.31,0.60,1.16,0.31,0.79,0.53,1.06,0.10,0.44
BIRC5,1.97,3.34,2.44,4.26,1.48,3.29,1.59,3.18,0.44,1.92
PIMREG,0.19,0.69,0.04,0.23,0.27,0.92,0.09,0.45,0.05,0.40
SMIM25,-0.00,0.00,-0.00,0.00,-0.00,0.00,0.03,0.23,0.00,0.07
E2F2,0.15,0.51,0.13,0.44,0.69,1.40,0.12,0.39,0.02,0.17
BRD7,4.08,3.06,5.38,3.49,2.12,2.36,4.20,2.91,2.09,1.72
CENPA,0.27,0.83,0.49,1.49,0.30,1.16,0.28,1.00,0.08,0.57
LIN7A,0.30,0.71,0.01,0.07,-0.00,0.00,0.08,0.31,0.01,0.11
RAB44,0.40,0.58,0.04,0.20,0.01,0.13,0.71,0.99,0.04,0.23
CEP55,0.59,1.37,0.39,1.00,0.44,1.21,0.44,0.99,0.13,0.71
CDC20,0.47,1.32,1.43,3.79,0.69,2.35,0.79,2.29,0.16,1.04
UBE2C,2.28,6.34,2.35,6.63,1.08,3.54,1.57,5.41,0.52,3.16
AC002454.1,3.46,4.32,1.76,2.26,0.76,1.70,3.34,4.47,1.18,2.25
MZB1,1.96,2.86,0.16,0.93,4.00,4.06,1.90,2.53,1.47,2.34
NUDT8,0.51,0.95,0.58,0.95,0.13,0.50,1.04,1.46,0.44,0.82
ANK1,0.01,0.08,3.84,3.22,0.02,0.20,0.04,0.51,-0.00,0.00
GCSAML,0.39,0.72,0.30,0.61,0.03,0.23,0.15,0.47,0.84,0.99
CPA3,5.53,5.53,0.26,0.67,0.05,0.48,4.35,3.99,0.07,0.36
HEMGN,0.75,1.34,0.13,0.47,0.11,0.56,0.08,0.38,2.06,1.88
PRAM1,0.46,0.93,0.07,0.50,0.10,0.54,2.88,2.32,0.55,0.80
KIF14,0.39,1.23,0.56,1.36,0.25,0.86,0.34,0.84,0.09,0.50
AHSP,0.02,0.14,7.20,20.33,0.00,0.07,0.13,1.65,0.01,0.10
HIST1H3C,0.46,0.94,0.63,1.18,0.58,1.47,0.19,0.61,0.07,0.34
HSPA1A,0.97,1.16,1.16,1.76,0.10,0.40,0.94,1.68,1.33,1.43
HRK,0.01,0.08,-0.00,0.00,0.47,1.16,0.02,0.21,0.01,0.08
PRTN3,0.06,0.27,0.09,0.32,0.04,0.19,39.46,65.89,0.05,0.22
HIST1H3B,1.84,3.37,2.19,3.47,3.13,7.00,0.99,2.18,0.28,1.16
AL355922.1,0.17,0.44,-0.00,0.00,0.01,0.10,1.17,1.75,0.01,0.08
KIF15,1.03,2.29,1.07,2.06,0.55,1.55,0.77,1.57,0.20,0.88
PTGS1,0.25,0.55,1.29,1.26,0.01,0.13,0.06,0.26,0.35,0.64
SNHG19,1.91,1.76,1.73,1.61,0.38,0.89,2.14,1.86,1.08,1.28
RUNX2,0.77,1.01,0.14,0.42,0.17,1.05,1.08,1.54,0.33,0.63
NRGN,0.61,0.95,0.12,0.37,0.06,0.27,0.79,1.30,0.40,0.84
F13A1,0.04,0.19,0.01,0.07,0.09,0.36,1.40,1.88,0.00,0.07
AJ009632.2,0.13,0.44,0.02,0.12,0.02,0.17,0.07,0.29,0.85,1.01
CNRIP1,0.28,0.71,2.13,1.81,0.01,0.12,0.04,0.48,0.00,0.06
NCAPG,0.83,1.90,1.11,1.97,0.55,1.33,0.84,1.71,0.15,0.66
MATK,2.30,2.19,2.43,2.29,0.16,0.62,3.22,2.47,1.33,1.35
TIMP3,0.45,0.94,0.36,0.67,0.01,0.08,0.03,0.21,0.19,0.58
CD36,0.06,0.47,2.51,2.95,0.01,0.10,0.35,1.80,0.17,2.86
CXCL12,-0.00,0.00,0.05,0.43,0.01,0.10,0.00,0.09,0.00,0.03
FAM111B,0.48,1.33,0.36,0.88,1.07,2.45,0.44,1.29,0.14,0.65
LINC02227,0.01,0.08,-0.00,0.00,0.32,0.67,0.01,0.14,-0.00,0.00
NPW,2.99,3.51,3.48,4.09,0.07,0.54,5.74,4.73,0.63,1.25
SPTBN2,0.39,0.76,1.02,1.22,0.00,0.07,0.03,0.16,0.01,0.09
PLD4,0.80,2.96,0.06,0.28,0.18,0.82,2.67,3.89,0.43,0.68
MED12L,1.25,1.17,0.91,1.19,0.13,0.45,0.53,0.88,0.79,0.99
CSF1R,0.01,0.11,0.01,0.09,0.00,0.06,0.82,1.56,0.00,0.08
HDC,3.46,7.69,0.14,0.89,0.00,0.05,0.01,0.08,0.00,0.05
NEK2,0.33,0.77,0.40,0.97,0.19,0.59,0.32,0.93,0.07,0.52
VWF,0.12,0.36,0.03,0.16,0.00,0.07,0.04,0.26,0.12,0.45
FCAR,-0.00,0.00,-0.00,0.00,-0.00,0.00,0.07,0.38,-0.00,0.00
CLC,48.92,127.10,0.06,0.37,0.01,0.08,0.05,0.23,0.02,0.13
CITED4,0.46,0.79,0.16,0.51,0.17,0.48,2.44,2.11,0.08,0.33
RND3,-0.00,0.00,0.03,0.50,0.01,0.25,0.09,1.41,0.03,0.60
MGST1,5.20,4.37,2.03,2.36,0.14,0.98,9.71,6.70,1.67,1.77
S100A12,-0.00,0.00,-0.00,0.00,-0.00,0.00,0.75,5.28,0.02,0.45
LAPTM4B,2.47,2.43,2.63,2.18,0.19,0.71,2.15,2.07,3.64,2.21
LEF1,0.04,0.19,0.22,0.70,0.96,1.42,0.02,0.12,0.01,0.11
TROAP,0.54,1.12,0.68,1.48,0.33,1.06,0.50,1.08,0.16,0.84
SLC38A2,3.41,2.61,4.32,3.33,1.68,1.80,4.04,2.77,1.80,1.85
MAP3K8,2.28,3.06,0.46,1.53,0.34,1.08,3.96,4.04,1.76,2.73
CSF1,0.84,2.27,1.81,2.20,0.00,0.11,0.06,0.35,0.03,0.22
SERPINB10,0.08,0.33,-0.00,0.00,-0.00,0.00,0.70,1.21,-0.00,0.00
CNOT2,2.32,1.62,2.74,2.04,0.95,1.17,2.49,1.87,1.35,1.29
PREX2,0.06,0.24,0.02,0.16,0.02,0.20,0.12,0.42,0.57,0.83
GTSE1,0.76,1.63,0.73,1.62,0.56,1.42,0.64,1.61,0.14,0.70
HIST1H2BH,0.47,1.02,0.84,1.47,0.65,1.59,0.26,0.72,0.12,0.48
KIF18B,0.14,0.43,0.14,0.47,0.08,0.32,0.15,0.53,0.02,0.17
ENPP3,0.26,0.72,0.01,0.07,0.00,0.05,-0.00,0.00,0.00,0.05
TTK,0.42,1.03,0.84,1.66,0.18,0.56,0.40,0.96,0.07,0.38
NUPR1,-0.00,0.00,0.04,0.36,0.00,0.06,0.01,0.11,0.01,0.10
ZNF385D,1.61,1.75,3.20,2.57,0.02,0.20,0.19,0.64,0.57,0.95
DYSF,-0.00,0.00,-0.00,0.00,0.00,0.03,0.06,0.34,0.00,0.08
AQP9,-0.00,0.00,-0.00,0.00,-0.00,0.00,0.04,0.33,0.00,0.03
CA1,0.05,0.42,9.34,14.75,0.02,0.26,0.05,0.62,0.01,0.09
SLC40A1,2.32,2.30,5.10,3.07,0.08,0.48,0.79,1.14,0.70,0.94
CLSPN,2.22,3.10,2.24,3.13,1.11,2.25,2.40,3.15,0.42,1.34
FNDC3B,1.86,2.16,0.49,0.84,0.06,0.28,3.06,2.38,0.17,0.43
PAX5,0.01,0.08,0.02,0.26,1.25,2.04,0.02,0.17,0.00,0.07
TYMS,7.83,8.92,9.05,8.91,4.06,7.01,6.63,7.38,1.99,4.81
AL096865.1,0.10,0.36,0.01,0.10,0.04,0.25,0.13,0.49,0.04,0.21
NEIL1,0.03,0.18,0.05,0.22,1.21,1.78,0.02,0.16,0.11,0.34
CEBPD,0.11,0.40,0.04,0.26,0.03,0.24,4.93,5.57,0.04,0.43
MCM6,2.42,2.49,3.28,3.46,0.67,1.51,3.40,3.12,0.61,1.27
ACY3,0.01,0.08,0.01,0.09,0.13,0.62,0.27,0.81,0.10,0.79
CD79B,0.50,0.79,0.27,1.03,11.45,7.05,0.97,1.45,0.56,0.76
VPREB3,0.03,0.18,0.05,0.59,12.93,9.88,0.18,1.66,0.02,0.14
POU2AF1,-0.00,0.00,0.01,0.11,0.75,1.09,0.01,0.08,0.00,0.03
SOCS2,0.72,1.10,0.94,1.10,4.01,3.55,0.29,0.82,1.50,1.63
CORO1A,3.32,3.05,0.99,1.72,1.89,2.97,5.64,5.68,1.80,1.87
MLLT3,1.35,1.44,2.68,2.09,0.10,0.48,0.78,1.12,2.37,2.07
SPC25,0.98,2.08,0.84,1.58,0.44,1.14,0.66,1.39,0.16,0.81
ITGA2B,0.47,1.18,6.51,4.15,0.02,0.22,0.08,0.50,0.07,0.27
DEPDC1,0.28,0.94,0.48,1.23,0.23,0.75,0.29,0.85,0.07,0.42
CRHBP,0.90,1.37,0.07,0.50,0.06,0.41,0.17,0.55,5.01,4.53
LINC02573,0.82,1.00,0.73,1.00,0.03,0.20,0.40,0.78,1.06,1.14
NPY,0.01,0.08,0.00,0.05,1.31,2.20,0.03,0.58,0.00,0.05
AC026369.3,0.31,0.68,0.07,0.29,0.02,0.19,0.02,0.14,1.11,1.28
MMRN1,0.43,0.74,0.19,0.53,0.16,0.51,0.39,0.71,1.33,1.28
GMPR,0.69,0.94,2.05,1.71,0.03,0.20,0.34,0.81,0.30,0.60
PLPPR3,0.08,0.32,0.02,0.19,0.01,0.12,2.95,3.22,0.00,0.07
ARHGAP6,0.07,0.25,0.09,0.32,0.00,0.06,0.02,0.16,0.05,0.23
LY86,0.04,0.28,0.01,0.09,0.17,0.45,0.52,1.29,0.01,0.11
ISG20,0.60,0.91,0.07,0.31,1.74,1.94,0.31,0.82,0.28,0.62
MCM5,3.04,3.19,4.79,4.34,1.07,2.02,3.75,3.48,0.98,1.71
IGSF10,0.80,1.05,0.58,0.87,0.08,0.33,0.33,0.62,0.81,0.98
APOC1,0.44,1.25,17.04,13.53,0.05,0.47,0.14,1.40,0.02,0.14
SPIB,0.37,1.85,0.01,0.10,0.04,0.41,0.06,0.40,0.01,0.11
CD79A,0.15,0.40,0.06,0.27,4.27,3.82,0.17,0.64,0.12,0.37
AZU1,0.40,1.02,0.08,0.33,0.10,0.82,29.69,39.10,0.04,0.20
NPR3,1.85,2.11,1.77,1.81,0.13,0.65,1.28,1.65,3.36,2.27
MNDA,0.09,0.48,-0.00,0.00,0.00,0.03,2.10,3.21,0.00,0.11
TRIM28,5.26,3.31,7.15,4.30,1.66,2.23,5.84,3.64,1.91,1.73
RBP7,-0.00,0.00,0.01,0.09,0.00,0.05,0.19,1.34,0.05,1.02
RNF7,2.20,1.69,2.35,1.70,1.00,1.17,2.94,2.00,1.79,1.37
MME,0.01,0.08,0.05,0.55,3.85,3.31,0.03,0.19,0.01,0.11
GLIPR1,0.86,1.47,0.16,0.57,0.34,0.84,2.42,2.50,2.07,1.74
RASGRP3,0.54,1.00,0.01,0.07,0.02,0.16,0.38,0.94,0.04,0.33
HIST2H4B,0.13,0.45,0.12,0.38,0.18,0.56,0.09,0.32,0.02,0.16
VPREB1,0.04,0.28,0.08,0.68,11.17,9.15,0.24,1.02,0.07,0.29
SLC2A4RG,1.10,1.35,0.76,1.13,0.41,0.92,2.39,2.02,0.42,0.78
PLEK,4.80,4.32,0.22,0.69,0.19,0.85,4.53,3.24,0.78,0.99
RGS18,0.42,0.98,0.47,0.91,0.01,0.08,0.46,0.80,0.23,0.64
E2F8,0.31,0.75,0.38,0.85,0.37,0.95,0.21,0.60,0.07,0.41
PYGL,0.96,1.15,0.70,0.96,0.06,0.37,2.03,1.80,0.69,0.86
MCM4,3.23,3.40,3.29,3.42,1.07,2.16,4.22,3.91,0.85,1.78
CDC25B,0.34,0.94,0.33,0.95,0.25,0.82,0.36,1.00,0.12,0.49
RBPMS,0.28,0.63,0.03,0.18,0.07,0.38,0.20,0.49,1.04,1.08
DEPP1,0.01,0.08,0.01,0.13,0.67,1.32,0.02,0.22,0.05,0.29
CEBPB,0.90,1.35,0.76,0.94,0.05,0.33,1.19,1.75,2.18,2.98
KIF20A,0.13,0.49,0.17,0.60,0.07,0.36,0.15,0.52,0.04,0.28
RBPMS2,0.01,0.11,1.15,1.41,0.00,0.05,0.01,0.09,0.00,0.06
NPDC1,0.99,1.51,0.15,0.65,0.15,0.65,2.14,2.35,2.18,1.83
IRF8,0.66,3.30,0.02,0.14,0.29,2.36,3.36,7.02,0.03,0.37
HGF,0.66,1.52,0.02,0.16,0.03,0.23,1.68,2.49,0.03,0.20
NR2F1,-0.00,0.00,0.01,0.11,0.00,0.07,0.09,0.98,0.07,1.39
NKG7,0.48,0.72,0.06,0.31,0.09,0.35,1.63,1.69,0.10,0.37
AOAH,0.91,1.20,0.54,0.92,0.02,0.15,0.29,0.68,0.10,0.35
UROD,1.82,1.98,10.09,5.78,0.44,0.90,2.12,1.89,1.31,1.37
DCTPP1,2.90,2.61,4.50,3.21,0.60,1.30,4.04,3.23,1.32,1.62
TENT5A,6.00,7.78,0.79,1.22,0.09,0.35,2.43,3.89,0.36,0.73
HMMR,1.30,3.56,1.91,4.16,0.77,2.76,0.89,2.66,0.30,1.86
TESPA1,1.29,1.28,0.77,1.00,0.13,0.43,0.47,0.74,0.89,1.02
TRIB2,0.25,0.63,2.61,2.40,0.05,0.30,0.01,0.11,0.01,0.20
STAB2,-0.00,0.00,0.00,0.05,0.01,0.10,0.01,0.15,0.02,0.39
AVP,1.43,3.17,0.16,1.07,0.14,1.02,0.35,1.24,12.06,10.56
KIF2C,0.49,1.23,0.87,1.78,0.19,0.65,0.39,0.85,0.11,0.53
PVT1,0.19,0.52,4.76,3.81,0.06,0.31,0.33,0.83,0.09,0.33
BACH2,0.11,0.36,0.10,0.37,1.20,1.60,0.11,0.36,0.08,0.30
RRM2,0.95,2.21,1.16,2.20,0.90,1.98,1.05,2.32,0.14,0.64
PCDH9,0.71,1.58,0.18,0.52,0.39,1.10,0.15,0.45,1.16,1.84
AFF2,0.47,0.79,0.06,0.25,0.01,0.08,0.23,0.53,0.01,0.10
CSF3R,3.05,3.57,0.27,1.18,0.20,1.15,7.58,4.94,3.34,2.63
BTG2,0.93,2.38,0.11,0.44,2.52,2.25,0.46,1.04,0.71,1.13
JAML,0.14,0.52,0.02,0.17,0.11,0.40,0.47,1.22,0.92,1.10
HELLS,4.27,4.06,2.86,3.45,1.64,2.89,4.68,4.51,1.17,2.35
AC011139.1,0.11,0.49,0.01,0.07,0.01,0.22,0.02,0.23,3.50,4.53
RHEX,5.24,3.97,0.06,0.40,0.03,0.26,0.98,1.76,0.36,0.79
FANCD2,0.89,1.48,0.83,1.34,0.20,0.55,0.74,1.29,0.20,0.62
SEPT9,0.97,1.48,0.62,0.80,2.09,2.03,1.27,1.34,0.56,0.77
C1QA,-0.00,0.00,0.17,1.44,0.02,0.31,0.01,0.20,-0.00,0.00
HMOX1,0.01,0.08,0.45,4.36,0.05,0.79,0.05,0.42,0.00,0.05
CD14,-0.00,0.00,0.02,0.21,0.00,0.07,0.64,3.49,0.01,0.32
ORC6,1.51,1.97,2.33,3.16,0.49,1.13,1.49,2.27,0.35,1.07
AC004540.2,0.18,0.45,0.19,0.51,0.02,0.21,0.08,0.30,0.60,0.85
C1QC,-0.00,0.00,0.10,0.89,0.01,0.26,-0.00,0.00,0.00,0.03
MYCT1,0.60,0.93,0.68,0.95,0.02,0.21,0.14,0.48,0.86,1.10
CEBPA,3.08,3.60,0.11,0.50,0.06,0.41,4.95,4.90,0.28,0.63
MCM3,3.80,3.76,5.77,5.12,1.53,2.88,4.29,4.11,1.33,2.28
CKAP2L,0.53,1.31,0.90,1.74,0.38,0.95,0.34,0.94,0.12,0.60
SAMHD1,0.74,2.38,0.17,0.48,0.10,1.19,3.88,7.60,0.17,0.67
ADGRL4,-0.00,0.00,-0.00,0.00,0.00,0.05,0.03,0.32,0.04,0.81
PLK1,0.44,1.57,0.78,2.52,0.35,1.45,0.52,1.96,0.08,0.56
PKLR,0.01,0.08,0.94,1.86,0.00,0.03,0.01,0.17,-0.00,0.00
BLNK,0.12,0.68,0.01,0.17,1.17,1.61,0.24,0.78,0.01,0.08
AP001059.3,-0.00,0.00,0.00,0.05,0.30,0.62,0.02,0.13,0.02,0.16
DHFR,2.98,3.57,2.57,3.51,1.28,2.30,3.20,3.86,0.67,1.70
PBK,0.07,0.32,0.41,1.07,0.27,0.87,0.02,0.15,0.02,0.17
HBQ1,0.03,0.16,2.09,2.48,0.00,0.07,0.06,0.62,0.02,0.13
CSF2RB,3.30,4.45,3.56,2.97,0.02,0.15,0.20,0.55,0.03,0.18
PROM1,0.59,0.95,0.17,0.56,0.15,0.60,1.19,1.36,1.40,1.35
CCNA2,0.78,1.62,1.10,2.38,0.50,1.25,0.78,1.70,0.13,0.56
NR2F2,-0.00,0.00,-0.00,0.00,0.00,0.06,0.02,0.26,0.02,0.42
PHF3,2.75,2.34,3.57,2.85,1.29,1.60,3.02,2.27,1.95,1.77
TMEM243,0.54,0.73,0.49,0.68,2.08,1.84,0.57,0.81,0.53,0.71
CYGB,0.01,0.11,0.01,0.07,1.06,1.89,0.03,0.45,0.00,0.07
PTMS,2.52,3.43,3.20,2.95,0.34,1.23,0.97,1.73,2.89,3.12
RAB11FIP1,2.17,2.80,1.12,1.32,0.23,0.95,3.53,3.74,0.43,0.87
APOE,0.01,0.11,4.30,6.23,0.03,0.61,0.06,0.80,0.01,0.11
CENPM,1.37,2.17,2.17,2.91,0.85,1.76,1.44,2.15,0.33,1.18
RNF152,0.01,0.11,-0.00,0.00,0.36,0.77,0.02,0.16,0.00,0.07
IL12A-AS1,0.08,0.32,0.09,0.31,0.01,0.08,0.07,0.26,0.53,0.91
CDK1,0.73,1.55,1.38,2.94,0.50,1.35,0.65,1.54,0.20,0.86
NCAPH,0.58,1.09,0.79,1.43,0.33,0.88,0.57,1.26,0.10,0.50
FEN1,2.03,2.44,2.77,3.18,0.64,1.40,2.39,2.70,0.53,1.30
C1QB,-0.00,0.00,0.23,2.29,0.03,0.60,0.01,0.11,-0.00,0.00
BRCA1,1.77,2.55,2.04,2.56,0.58,1.22,1.99,2.50,0.43,1.18
PNMT,0.15,0.49,1.41,1.81,0.01,0.13,0.02,0.33,0.03,0.17
CD5L,-0.00,0.00,0.04,0.37,0.01,0.15,0.00,0.05,0.00,0.03
CLNS1A,4.75,3.13,7.89,4.24,1.01,1.47,5.37,3.50,3.22,2.03
CXCR4,9.07,11.10,0.47,1.23,7.17,5.53,4.02,4.65,3.30,3.78
NUF2,0.69,1.30,1.15,2.18,0.47,1.29,0.53,1.18,0.15,0.73
SEMA3C,0.72,1.41,0.72,1.02,0.02,0.23,0.02,0.12,0.07,0.27
UNC93B1,0.51,0.89,0.48,0.73,0.24,0.55,1.07,1.40,0.18,0.42
SPINK2,10.24,10.00,0.71,3.76,1.69,5.79,11.79,9.71,14.04,7.49
TMED3,2.77,1.96,3.13,2.14,0.29,0.69,2.96,2.11,1.61,1.35
TNNI2,0.13,0.73,0.01,0.09,0.02,0.24,0.17,0.57,0.01,0.12
MDK,1.28,2.36,0.12,0.41,0.93,1.62,0.64,1.20,2.50,2.63
CDKN2A,0.01,0.11,0.01,0.07,0.17,0.49,0.01,0.09,0.00,0.03
AC020916.1,3.37,3.56,1.30,1.89,0.33,1.26,4.23,4.03,4.75,4.14
LGALS3,0.03,0.18,0.18,0.68,0.01,0.14,0.17,1.01,0.03,0.20
LGALS2,-0.00,0.00,0.00,0.05,-0.00,0.00,0.20,1.28,0.00,0.03
KAZALD1,0.01,0.11,0.02,0.12,0.23,0.63,0.00,0.05,0.01,0.11
TK1,2.65,4.10,2.23,3.72,1.11,2.38,2.10,3.62,0.59,2.15
TSC22D1,2.39,3.32,4.30,3.28,0.64,1.86,1.37,2.01,5.96,6.19
IGFBP2,0.46,0.88,0.15,0.50,0.00,0.07,1.71,2.27,0.03,0.18
ARPP21,0.09,0.36,0.03,0.17,3.04,3.14,0.03,0.28,0.01,0.08
MPO,1.46,6.03,0.86,4.84,0.57,4.15,143.65,103.53,0.32,1.11
TPSB2,2.76,7.20,0.97,1.56,0.00,0.06,0.15,0.45,0.04,0.20
HIST2H2BF,0.44,0.91,0.31,0.86,0.73,1.73,0.29,0.71,0.19,0.50
PLXDC2,0.58,0.84,0.93,1.17,0.10,0.41,0.65,1.09,0.79,1.06
GPR183,0.45,1.38,0.05,0.27,0.06,0.78,0.94,2.52,0.18,0.58
MS4A6A,0.06,0.58,0.07,0.38,0.01,0.14,0.70,2.06,0.01,0.22
LGMN,0.15,0.88,0.05,0.45,0.09,0.40,0.07,0.52,0.05,0.61
BRCA2,1.91,2.46,1.90,2.46,0.66,1.39,2.27,2.67,0.53,1.23
BTNL9,0.01,0.08,-0.00,0.00,0.03,0.53,0.04,0.40,0.07,1.38
CDCA3,0.53,1.47,0.68,1.67,0.34,1.05,0.41,1.14,0.10,0.52
PPP1R14A,0.35,0.73,8.37,4.82,0.17,0.55,0.08,0.41,0.14,0.39
EPOR,0.09,0.33,1.31,1.50,0.01,0.11,0.05,0.24,0.04,0.19
ALOX5AP,1.87,3.08,0.01,0.13,0.20,0.54,0.12,0.42,0.01,0.10
ATP8B4,4.40,3.23,0.23,0.78,0.14,0.76,5.19,3.27,1.47,1.49
TCEAL2,0.04,0.30,0.00,0.05,0.00,0.03,0.01,0.18,0.33,0.74
CPPED1,0.91,1.24,1.36,1.30,0.12,0.42,0.67,0.97,0.35,0.77
ADGRG6,0.19,0.56,0.03,0.21,0.04,0.27,0.19,0.49,1.25,1.33
MRPL23,3.02,2.69,3.42,2.57,0.83,1.22,3.94,2.82,1.47,1.41
PSRC1,0.04,0.22,0.04,0.26,0.08,0.39,0.14,0.48,0.03,0.26
MYBL2,1.00,1.76,1.11,2.08,1.04,1.85,1.06,2.00,0.15,0.66
P4HA2,0.03,0.32,0.01,0.13,0.36,0.70,0.07,0.31,0.01,0.09
DNTT,0.08,0.30,0.27,2.37,32.94,20.16,0.58,2.74,0.18,1.31
LTBP1,1.34,3.02,0.15,0.55,0.00,0.05,0.19,0.93,0.00,0.05
SAPCD2,0.37,0.87,0.23,0.78,0.08,0.52,0.39,0.98,0.09,0.39
MEFV,-0.00,0.00,0.00,0.05,0.00,0.03,0.04,0.28,-0.00,0.00
KIFC1,0.72,1.56,0.89,1.85,0.60,1.44,0.60,1.34,0.12,0.66
MEG3,0.01,0.08,0.01,0.13,0.01,0.13,0.05,0.33,0.70,1.78
MSRB3,2.47,1.99,0.88,1.27,0.17,0.69,3.27,2.39,2.60,1.84
ST8SIA6,1.62,1.58,1.40,1.38,0.02,0.22,0.22,0.58,0.88,0.99
LGALS1,7.37,18.25,0.22,0.79,0.62,4.93,13.18,17.42,0.39,1.83
HLF,0.06,0.26,0.01,0.11,0.01,0.16,0.04,0.24,0.83,1.15
IL18,1.82,1.74,1.49,1.47,0.21,0.70,1.50,1.46,2.60,1.82
C16orf74,0.45,0.69,0.06,0.28,0.03,0.20,1.45,1.42,0.07,0.30
FLT3,0.78,1.07,0.11,0.47,0.32,1.00,1.97,1.96,1.10,1.29
PRG2,0.80,2.34,0.02,0.30,0.00,0.03,0.00,0.05,-0.00,0.00
PRKG2,1.13,1.39,0.53,0.91,0.02,0.19,0.09,0.39,1.16,1.28
CDCA2,0.41,1.11,0.49,1.27,0.25,0.83,0.25,0.86,0.06,0.46
VCAN,-0.00,0.00,-0.00,0.00,0.01,0.35,1.54,9.05,0.06,1.50
NDUFS4,2.70,2.10,4.63,2.86,0.89,1.24,2.98,2.22,2.04,1.50
RFC4,1.34,1.64,2.47,2.63,0.43,0.92,1.30,1.56,0.51,1.05
CD48,0.44,0.88,0.11,0.57,0.37,1.06,2.48,2.21,0.92,1.22
FPR1,-0.00,0.00,0.00,0.05,0.00,0.05,0.29,1.49,0.00,0.08
MED28,2.05,1.74,2.87,1.94,0.69,0.99,2.27,1.86,1.40,1.23
CTNNBL1,3.58,2.90,8.69,4.31,0.66,1.08,1.68,1.48,0.86,0.97
TYROBP,0.65,0.96,0.25,0.89,0.11,0.60,2.48,4.85,0.24,0.64
KIF4A,0.70,1.64,0.66,1.62,0.34,1.05,0.44,1.20,0.14,0.74
C1QTNF4,1.82,2.96,0.53,2.88,0.93,2.65,19.17,15.76,4.87,4.92
HACD1,1.46,1.59,2.44,1.84,0.22,0.63,1.07,1.21,0.77,1.01
ZWINT,1.46,2.06,2.14,2.73,0.77,1.53,1.30,1.85,0.34,1.06
HOPX,1.71,2.33,0.16,1.06,0.42,1.84,1.36,1.99,5.64,3.29
ELANE,0.03,0.16,0.04,0.21,0.04,0.48,26.64,46.93,0.03,0.19
LCN6,-0.00,0.00,0.01,0.11,0.86,1.11,0.01,0.14,-0.00,0.00
EBF1,-0.00,0.00,0.04,0.35,3.40,3.78,0.03,0.28,0.01,0.10
SYNE2,0.09,0.54,0.11,0.55,1.01,2.20,0.08,0.67,0.07,0.91
SPNS3,0.44,0.85,0.05,0.35,0.19,0.76,2.46,2.58,0.54,0.88
C2orf88,0.07,0.30,0.89,0.99,0.00,0.08,0.05,0.35,0.06,0.25
RAD51AP1,1.44,2.30,1.88,2.60,0.79,1.58,1.52,2.33,0.43,1.28
ANGPT2,1.70,2.74,0.19,0.52,0.08,0.33,0.05,0.23,0.10,0.32
AURKA,0.35,1.15,0.68,1.62,0.10,0.44,0.22,0.58,0.06,0.37
CDCA7,2.12,2.17,2.73,2.55,0.79,1.60,3.23,2.54,0.63,1.23
CDCA5,1.08,1.77,1.01,1.63,0.45,1.06,0.83,1.62,0.16,0.73
KEL,0.04,0.28,0.72,0.97,0.00,0.07,0.01,0.08,0.00,0.05
MT1X,0.40,1.01,0.64,0.99,3.20,3.45,0.41,0.90,0.07,0.28
NDUFS3,2.81,2.21,4.14,2.74,0.94,1.40,3.30,2.27,1.22,1.22
SLC1A6,0.02,0.14,0.01,0.10,0.00,0.03,0.01,0.09,0.30,0.61
PIF1,0.13,0.61,0.16,0.78,0.07,0.46,0.08,0.56,0.03,0.30
CMTM7,0.95,1.14,0.38,0.65,3.14,2.97,1.09,1.09,0.45,0.68
STXBP5,0.75,0.95,1.55,1.60,0.05,0.34,0.66,0.92,0.29,0.58
NR4A3,0.85,1.88,0.03,0.19,0.01,0.08,0.40,0.88,0.11,0.41
RPS4Y2,-0.00,0.00,0.00,0.05,0.97,1.62,0.02,0.21,0.00,0.03
FAM178B,0.26,0.68,3.96,7.92,0.01,0.12,0.03,0.34,0.01,0.08
CFH,0.12,0.44,0.26,0.56,0.01,0.08,0.04,0.23,0.53,0.85
PLBD1,-0.00,0.00,0.01,0.07,0.00,0.03,0.21,1.20,0.00,0.05
NUSAP1,3.64,6.30,3.50,6.09,3.34,7.21,2.58,4.92,0.84,3.52
CAVIN1,0.58,0.94,2.30,2.13,0.03,0.26,0.15,0.44,1.19,1.20
SASH1,-0.00,0.00,-0.00,0.00,0.00,0.08,0.04,0.35,0.00,0.11
ZBTB16,1.80,1.74,0.66,0.97,0.03,0.22,1.02,1.30,0.28,0.60
TPM1,0.64,1.05,7.21,4.01,0.11,0.42,0.33,0.74,0.85,1.01
LTB,0.04,0.21,0.07,0.31,7.95,16.64,0.06,0.41,0.37,0.88
SLC15A3,0.01,0.11,0.00,0.05,0.00,0.07,0.06,0.38,0.00,0.08
ADGRF5,-0.00,0.00,0.00,0.05,0.00,0.08,0.02,0.22,0.03,0.72
MAFB,-0.00,0.00,0.02,0.20,0.01,0.14,0.27,1.70,0.06,1.37
ALDH1A1,1.65,1.76,6.33,5.53,0.15,0.52,0.43,0.94,2.61,2.05
RHAG,-0.00,0.00,1.47,2.52,-0.00,0.00,0.01,0.12,0.00,0.06
PRPF4B,4.84,3.24,7.62,4.82,2.43,2.39,5.58,3.42,2.72,2.18
ANGPT1,1.38,1.77,0.35,0.76,0.10,0.58,0.49,1.05,2.03,1.88
AURKB,1.24,2.50,1.23,2.54,0.97,2.23,0.96,2.25,0.20,0.97
AREG,15.82,22.34,1.20,5.42,2.45,10.08,53.98,46.30,35.50,29.12
